{"DriveData":[[-14924.8212890625,11.131972312927246,-5167.2412109375,-0.336342453956604,-0.002539412584155798,0.9417363405227661,0.0000072991142587852668,0.9999963641166687,0.0026991188060492279,-0.9417397379875183,0.0009147020755335689,-0.3363412022590637],[-14924.8212890625,11.131973266601563,-5167.2412109375,-0.33634233474731448,-0.0025392831303179266,0.9417363405227661,0.00000735508319849032,0.9999963641166687,0.0026990012265741827,-0.9417397975921631,0.0009147149394266307,-0.33634108304977419],[-14924.8212890625,11.131973266601563,-5167.2412109375,-0.3363419771194458,-0.0025391769595444204,0.9417365193367004,0.000007277034001162974,0.9999963641166687,0.002698860364034772,-0.9417399168014526,0.0009145931107923389,-0.3363407254219055],[-14924.8212890625,11.131975173950196,-5167.2412109375,-0.3363422453403473,-0.0025390912778675558,0.9417364001274109,0.000007160006589401746,0.9999963641166687,0.002698727883398533,-0.9417397975921631,0.00091443897690624,-0.336340993642807],[-14924.8212890625,11.131977081298829,-5167.2412109375,-0.33634233474731448,-0.0025390302762389185,0.9417364001274109,0.000006950623628654284,0.9999963641166687,0.002698588417842984,-0.9417397975921631,0.0009141951450146735,-0.33634108304977419],[-14924.8212890625,11.131979942321778,-5167.2412109375,-0.3363422751426697,-0.002538927597925067,0.9417364001274109,0.000006927089089003857,0.9999963641166687,0.002698470838367939,-0.9417397975921631,0.0009141333284787834,-0.3363410234451294],[-14924.8212890625,11.131982803344727,-5167.2412109375,-0.3363419473171234,-0.0025388062931597234,0.9417365193367004,0.000006886353276058799,0.9999963641166687,0.0026983271818608047,-0.9417399168014526,0.0009140457259491086,-0.33634069561958315],[-14924.830078125,11.132635116577149,-5167.23876953125,-0.3363438546657562,-0.002522306051105261,0.9417358636856079,0.00001599081588210538,0.9999964237213135,0.0026840597856789829,-0.9417392611503601,0.0009178261389024556,-0.33634260296821597],[-14924.8896484375,11.133420944213868,-5167.21728515625,-0.336344838142395,-0.0025031378027051689,0.941735565662384,0.00002637267425598111,0.9999964237213135,0.0026674147229641678,-0.9417389035224915,0.0009220072533935308,-0.33634358644485476],[-14925.033203125,11.134188652038575,-5167.1669921875,-0.3363466262817383,-0.002485015196725726,0.9417349696159363,0.00003512505645630881,0.9999964833259583,0.002651298651471734,-0.9417382478713989,0.0009248338174074888,-0.3363453447818756],[-14925.24609375,11.134735107421875,-5167.09130859375,-0.33634719252586367,-0.0024745934642851354,0.941734790802002,0.000034070268156938258,0.999996542930603,0.002639855956658721,-0.9417380690574646,0.0009199933265335858,-0.33634594082832339],[-14925.7138671875,11.136565208435059,-5166.923828125,-0.3363487422466278,-0.00243519339710474,0.9417343735694885,0.00004680471101892181,0.9999966025352478,0.0026025681290775539,-0.9417374730110169,0.0009194480953738093,-0.3363474905490875],[-14926.2568359375,11.139095306396485,-5166.73095703125,-0.33634939789772036,-0.0023919660598039629,0.941734254360199,0.000042744977690745148,0.9999967217445374,0.0025552171282470228,-0.9417372941970825,0.0008997000986710191,-0.33634817600250246],[-14927.4501953125,11.142887115478516,-5166.30419921875,-0.3363456428050995,-0.0023241546005010607,0.9417357444763184,0.000041336887079523879,0.9999969005584717,0.002482703886926174,-0.9417386054992676,0.0008739750483073294,-0.33634451031684878],[-14929.1279296875,11.138221740722657,-5165.70458984375,-0.33630847930908205,-0.002414227928966284,0.9417487978935242,0.00004308430652599782,0.9999966621398926,0.002578935818746686,-0.9417518973350525,0.000907892535906285,-0.33630725741386416],[-14930.798828125,11.137368202209473,-5165.10693359375,-0.3363376557826996,-0.0024400660768151285,0.9417383074760437,-0.000004309951236791676,0.9999966621398926,0.0025894753634929659,-0.9417414665222168,0.0008668793016113341,-0.33633655309677126],[-14932.54296875,11.13490104675293,-5164.48193359375,-0.3363475501537323,-0.002446884987875819,0.9417347311973572,0.00005599364885711111,0.999996542930603,0.0026182637084275486,-0.941737949848175,0.0009333777124993503,-0.33634623885154726],[-14934.2255859375,11.14437484741211,-5163.880859375,-0.33635544776916506,-0.0021986421197652818,0.9417325258255005,0.00028415120323188603,0.9999970197677612,0.002436160109937191,-0.9417350888252258,0.0010870101395994425,-0.3363538086414337],[-14936.12109375,11.14407730102539,-5163.20361328125,-0.33635014295578005,-0.0021420952398329975,0.9417345523834229,0.00041826756205409765,0.9999969601631165,0.002424008911475539,-0.9417369365692139,0.0012092128163203598,-0.3363482356071472],[-14938.7783203125,11.14500617980957,-5162.25439453125,-0.336346834897995,-0.0021416591480374338,0.9417357444763184,0.00035916335764341056,0.999997079372406,0.0024024322628974916,-0.9417381286621094,0.0011462874244898558,-0.3363450765609741],[-14942.19140625,11.146004676818848,-5161.03564453125,-0.3363445997238159,-0.0021487721242010595,0.9417365193367004,0.0002743540389928967,0.9999971389770508,0.0023796926252543928,-0.9417389631271362,0.0010587660362944008,-0.33634305000305178],[-14945.212890625,11.146114349365235,-5159.95654296875,-0.33634212613105776,-0.002139552030712366,0.9417374134063721,0.0002664462081156671,0.9999971389770508,0.0023670748341828586,-0.9417397975921631,0.0010470693232491613,-0.33634060621261599],[-14949.822265625,11.1454496383667,-5158.31005859375,-0.33633989095687868,-0.0021376069635152818,0.9417382478713989,0.000263168360106647,0.9999971985816956,0.002363836159929633,-0.9417406320571899,0.001042888150550425,-0.3363383710384369],[-14954.7353515625,11.133504867553711,-5156.5546875,-0.3363332152366638,-0.002342721913009882,0.9417401552200317,0.00022170091688167304,0.9999966621398926,0.002566822338849306,-0.941743016242981,0.0010720922145992518,-0.3363315761089325],[-14959.314453125,11.133090019226075,-5154.91845703125,-0.3363526165485382,-0.002316927071660757,0.9417333006858826,0.00024188279348891228,0.9999967217445374,0.002546663163229823,-0.941736102104187,0.0010843658819794655,-0.3363509476184845],[-14964.15234375,11.132771492004395,-5153.18994140625,-0.3363558053970337,-0.0023059288505464794,0.9417321681976318,0.0002340357896173373,0.9999967813491821,0.0025321857538074257,-0.9417349696159363,0.0010721143335103989,-0.33635419607162478],[-14968.46875,11.140910148620606,-5151.6494140625,-0.3363707661628723,-0.002103170147165656,0.9417272806167603,0.0003811884962487966,0.9999971389770508,0.002369459718465805,-0.9417295455932617,0.0011559926206246019,-0.33636900782585146],[-14973.66015625,11.103404998779297,-5149.796875,-0.3363436758518219,-0.002624873071908951,0.9417356252670288,0.0006587787647731602,0.999995231628418,0.0030225429218262436,-0.9417390823364258,0.0016370086232200266,-0.3363403379917145],[-14978.462890625,11.071887016296387,-5148.0830078125,-0.3363196849822998,-0.0033670528791844846,0.9417418837547302,0.0004722992016468197,0.9999929070472717,0.0037439903244376184,-0.941747784614563,0.001703961519524455,-0.33631569147109988],[-14983.78125,10.97011661529541,-5146.189453125,-0.33621668815612795,-0.005018664989620447,0.9417712688446045,0.0002164440811611712,0.9999853372573853,0.0054061575792729858,-0.9417846202850342,0.0020214812830090524,-0.336210697889328],[-14990.087890625,10.606182098388672,-5144.00537109375,-0.3355036973953247,-0.00939516443759203,0.9419920444488525,0.0013274465454742313,0.9999445676803589,0.010445955209434033,-0.9420379400253296,0.004755100235342979,-0.33547261357307436],[-14995.3271484375,9.973388671875,-5142.2822265625,-0.3339575529098511,-0.01668805256485939,0.942440390586853,0.0029284670017659666,0.9998200535774231,0.018741805106401445,-0.9425835609436035,0.009018872864544392,-0.33384859561920168],[-15001.9208984375,8.649274826049805,-5140.16748046875,-0.33173951506614687,-0.03290702402591705,0.9427968859672546,0.004358041100203991,0.9993273019790649,0.03641359135508537,-0.9433609843254089,0.016188574954867364,-0.3313729465007782],[-15008.359375,7.215392589569092,-5138.033203125,-0.32991182804107668,-0.05323207378387451,0.9425097107887268,0.0023824931122362615,0.9983587265014648,0.05722033232450485,-0.9440087676048279,0.021123185753822328,-0.3292435109615326],[-15014.0234375,6.790210247039795,-5136.0625,-0.32973596453666689,-0.061233893036842349,0.9420852661132813,-0.0008615453261882067,0.9979133605957031,0.06456107646226883,-0.9440727829933167,0.020476460456848146,-0.32910069823265078],[-15020.552734375,6.748697280883789,-5133.68017578125,-0.33036673069000246,-0.0585467629134655,0.9420350790023804,-0.004650951828807592,0.9981631636619568,0.06040401756763458,-0.9438411593437195,0.015574119053781033,-0.33003219962120058],[-15026.6611328125,7.0752854347229,-5131.509765625,-0.33048996329307558,-0.04607380926609039,0.9426842331886292,-0.0025551109574735166,0.9988477826118469,0.04792302846908569,-0.9438060522079468,0.013429416343569756,-0.330226868391037],[-15032.94140625,7.216902732849121,-5129.27294921875,-0.33084726333618166,-0.040163904428482059,0.9428292512893677,0.002709880005568266,0.9990493059158325,0.04350976645946503,-0.9436804056167603,0.01695004105567932,-0.33042389154434206],[-15039.3447265625,7.255715847015381,-5127.00439453125,-0.33105984330177309,-0.03766268864274025,0.9428578615188599,0.006308335345238447,0.9990924596786499,0.04212399944663048,-0.9435886740684509,0.019893428310751916,-0.3305217921733856],[-15045.0791015625,7.449286460876465,-5124.97412109375,-0.3316790461540222,-0.029881294816732408,0.9429189562797546,0.0074217552319169048,0.9993846416473389,0.03428136557340622,-0.9433630704879761,0.018368523567914964,-0.33125320076942446],[-15050.6279296875,7.905546188354492,-5122.98876953125,-0.3323211073875427,-0.01500061247497797,0.9430469870567322,0.005497922655194998,0.9998257160186768,0.01784118264913559,-0.9431502819061279,0.011113801039755345,-0.3321807086467743],[-15058.0126953125,8.996427536010743,-5120.384765625,-0.3331623077392578,0.005976471584290266,0.9428505301475525,0.0006069240043871105,0.9999810457229614,-0.006124145817011595,-0.9428693056106567,-0.0014680959284305573,-0.3331596255302429],[-15065.8046875,9.147315979003907,-5117.642578125,-0.3333374857902527,0.00619620643556118,0.942787230014801,-0.0016734570963308216,0.999972939491272,-0.007163721136748791,-0.94280606508255,-0.00396565068513155,-0.3333181142807007],[-15073.2666015625,8.85522747039795,-5114.85986328125,-0.3350648283958435,0.0018824216676875949,0.9421932101249695,0.001423703390173614,0.9999978542327881,-0.001491609844379127,-0.9421939849853516,0.0008416175842285156,-0.3350667953491211],[-15081.5732421875,8.807580947875977,-5111.88623046875,-0.33510318398475649,0.0024319670628756286,0.9421783089637756,0.005791759118437767,0.9999830722808838,-0.000521227193530649,-0.9421636462211609,0.005282205063849688,-0.3351116180419922],[-15090.1083984375,8.791284561157227,-5108.86474609375,-0.335090696811676,0.0010304589523002506,0.9421853423118591,0.0038708867505192758,0.9999924898147583,0.00028300905250944197,-0.942177951335907,0.0037419265136122705,-0.335092157125473],[-15097.2724609375,8.781447410583496,-5106.33154296875,-0.3349677324295044,0.000042049625335494059,0.9422295689582825,0.0022893173154443504,0.999997079372406,0.0007692370563745499,-0.9422268271446228,0.0024147320073097946,-0.33496686816215517],[-15105.8291015625,8.754161834716797,-5103.27734375,-0.3349079489707947,0.0002774081367533654,0.9422507882118225,0.004289643373340368,0.9999900460243225,0.001230277819558978,-0.9422410726547241,0.0044539496302604679,-0.33490580320358279],[-15113.880859375,8.731561660766602,-5100.4072265625,-0.3348357677459717,0.0008634303812868893,0.942276120185852,0.006598782725632191,0.9999772310256958,0.0014285598881542683,-0.9422534108161926,0.006696208380162716,-0.3348338305950165],[-15122.857421875,8.723932266235352,-5097.21875,-0.33484748005867007,0.00043903509504161775,0.9422722458839417,0.0058725085109472279,0.9999814629554749,0.001620940980501473,-0.9422540664672852,0.006076269317418337,-0.33484384417533877],[-15130.48828125,8.7268705368042,-5094.51318359375,-0.33485496044158938,-0.00014457196812145412,0.9422696828842163,0.0043521057814359669,0.9999890923500061,0.0017000383231788874,-0.9422596096992493,0.004670123569667339,-0.3348506987094879],[-15139.3759765625,8.728150367736817,-5091.3515625,-0.33487462997436526,0.00009486807539360598,0.9422627091407776,0.004893892910331488,0.9999867081642151,0.001638581044971943,-0.9422499537467957,0.005160051863640547,-0.3348706364631653],[-15148.4677734375,8.720474243164063,-5088.11474609375,-0.33488714694976809,0.00044439075281843543,0.9422581195831299,0.006035079713910818,0.9999803900718689,0.0016733084339648486,-0.9422389268875122,0.0062469723634421829,-0.33488327264785769],[-15158.845703125,8.722492218017579,-5084.43017578125,-0.33487066626548769,0.00025495499721728265,0.9422640800476074,0.005496297962963581,0.9999834895133972,0.0016827535582706333,-0.9422480463981628,0.005742468871176243,-0.33486655354499819],[-15167.810546875,8.730031967163086,-5081.22119140625,-0.3351808786392212,-0.00007898409967310727,0.942153811454773,0.004552152007818222,0.9999881982803345,0.0017033071490004659,-0.9421427845954895,0.004859743174165487,-0.335176557302475],[-15177.953125,8.810063362121582,-5077.26904296875,-0.3390428125858307,-0.0004111653834115714,0.9407708644866943,0.0015148228267207742,0.9999983906745911,0.0009829752380028368,-0.9407697319984436,0.0017583718290552497,-0.3390416204929352],[-15185.673828125,8.834781646728516,-5073.88427734375,-0.34564897418022158,-0.0007007467211224139,0.9383636116981506,-0.00008642363536637276,0.9999997615814209,0.0007149406592361629,-0.9383639097213745,0.0001660217239987105,-0.34564894437789919],[-15194.4833984375,8.768436431884766,-5069.6748046875,-0.35621005296707156,-0.0006342040142044425,0.9344056844711304,0.0020725310314446689,0.9999967813491821,0.0014688035007566214,-0.9344035983085632,0.0024597872979938986,-0.35620757937431338],[-15204.552734375,8.775792121887207,-5064.859375,-0.3673737645149231,0.0023026999551802875,0.9300705194473267,0.008511291816830635,0.9999634027481079,0.0008861800306476653,-0.9300344586372376,0.00824166089296341,-0.36737993359565737],[-15214.306640625,8.779244422912598,-5060.703125,-0.37103548645973208,0.0030341821257025005,0.9286137223243713,0.009847279638051987,0.9999513030052185,0.0006672910531051457,-0.9285664558410645,0.0093919076025486,-0.3710472881793976],[-15223.5732421875,8.78451156616211,-5056.96923828125,-0.3717403709888458,0.000628601061180234,0.928336501121521,0.00442030094563961,0.9999896287918091,0.001092933234758675,-0.9283261895179749,0.004509814083576202,-0.37173929810523989],[-15234.525390625,8.8026704788208,-5052.40283203125,-0.3738311231136322,-0.0010279621928930283,0.9274961948394775,0.00017173486412502825,0.9999992847442627,0.0011775371385738254,-0.9274967908859253,0.0005994834937155247,-0.3738306760787964],[-15243.9248046875,8.799565315246582,-5048.11767578125,-0.3789329528808594,-0.0005828178254887462,0.9254239201545715,0.00122972228564322,0.9999986290931702,0.0011333177099004388,-0.9254233241081238,0.001567465835250914,-0.3789317011833191],[-15254.8798828125,8.772016525268555,-5042.67626953125,-0.3887084126472473,0.00011415038898121566,0.9213607907295227,0.0033155716955661775,0.9999936819076538,0.0012748978333547712,-0.9213548302650452,0.0035504011902958156,-0.38870635628700259],[-15263.447265625,8.774822235107422,-5038.048828125,-0.39946696162223818,-0.0007575617055408657,0.9167472720146179,0.0013071374269202352,0.999998152256012,0.0013959339121356607,-0.9167466759681702,0.0017559441039338709,-0.39946526288986208],[-15275.4443359375,8.777565956115723,-5031.0283203125,-0.4181543290615082,-0.0013164760312065483,0.9083750247955322,-0.00016737227269914,0.9999990463256836,0.0013722166186198593,-0.9083759784698486,0.000421761506004259,-0.41815415024757388],[-15286.3818359375,8.70055866241455,-5024.50634765625,-0.43445053696632388,0.00103850441519171,0.9006950855255127,0.006589985452592373,0.9999762177467346,0.0020257055293768646,-0.9006716012954712,0.006815636530518532,-0.4344470500946045],[-15296.4677734375,8.704975128173829,-5018.927734375,-0.44316473603248598,0.0031362425070255996,0.8964347243309021,0.01021913718432188,0.9999465942382813,0.0015535838901996613,-0.8963819146156311,0.009849282912909985,-0.4431731104850769],[-15308.1494140625,8.736726760864258,-5012.98974609375,-0.4452728033065796,0.0008378774509765208,0.8953945636749268,0.004679018631577492,0.9999880790710449,0.0013910875422880054,-0.8953827619552612,0.004808981437236071,-0.44527140259742739],[-15319.005859375,8.734197616577149,-5007.37158203125,-0.4477156102657318,-0.0016145602567121387,0.8941745758056641,0.00001389850331179332,0.9999983310699463,0.001812599366530776,-0.8941760063171387,0.0008239566814154387,-0.44771483540534975],[-15329.7099609375,8.724296569824219,-5001.46826171875,-0.4528236985206604,-0.0009052009554579854,0.8915995955467224,0.0015712346648797393,0.9999971389770508,0.0018132473342120648,-0.8915987014770508,0.002221993636339903,-0.45282095670700076],[-15340.625,8.714150428771973,-4994.99267578125,-0.46163612604141238,-0.00006580732588190585,0.8870694041252136,0.0033539989963173868,0.9999927282333374,0.001819625380448997,-0.8870630264282227,0.003815234638750553,-0.46163254976272585],[-15352.291015625,8.733691215515137,-4987.91259765625,-0.47170454263687136,0.0019133863970637322,0.8817545771598816,0.006057240534573793,0.9999811053276062,0.0010704540181905032,-0.8817358613014221,0.005845937877893448,-0.47170722484588625],[-15361.263671875,8.705000877380371,-4982.74267578125,-0.4755554497241974,0.0028134032618254425,0.8796812295913696,0.00820212997496128,0.9999656081199646,0.0012359718093648553,-0.8796474933624268,0.007803033571690321,-0.4755621552467346],[-15373.1962890625,8.685710906982422,-4976.13916015625,-0.47712382674217226,0.0012134149437770248,0.8788352608680725,0.00563145661726594,0.9999827146530151,0.0016766602639108897,-0.8788180351257324,0.005749097093939781,-0.47712242603302],[-15383.8037109375,8.693208694458008,-4970.0556640625,-0.4803788363933563,-0.0015367884188890458,0.8770597577095032,0.00016136137128341943,0.9999982714653015,0.0018405820010229946,-0.8770610690116882,0.001025700243189931,-0.48037776350975039],[-15392.6318359375,8.680980682373047,-4964.6748046875,-0.4854416847229004,-0.0018413207726553083,0.8742671012878418,-0.0002981635625474155,0.9999980926513672,0.001940569607540965,-0.8742690086364746,0.0006813587970100343,-0.48544129729270937],[-15402.5537109375,8.664484977722168,-4958.35888671875,-0.4927690029144287,0.0006555073196068406,0.870159924030304,0.004358326084911823,0.9999890327453613,0.0017147973412647844,-0.8701492547988892,0.004637439735233784,-0.49276646971702578],[-15413.3671875,8.626420974731446,-4951.697265625,-0.49769431352615359,0.0037598025519400837,0.8673443794250488,0.010339035652577877,0.9999452829360962,0.0015980761963874102,-0.8672909140586853,0.009762858040630818,-0.49770593643188479],[-15424.330078125,8.609228134155274,-4945.30126953125,-0.49886462092399599,0.0018494183896109462,0.8666779398918152,0.0072230687364935879,0.999971866607666,0.002023781882598996,-0.8666498064994812,0.007269667461514473,-0.49886396527290347],[-15432.8935546875,8.612324714660645,-4940.37841796875,-0.4990886151790619,-0.0006188220577314496,0.8665507435798645,0.002585802460089326,0.9999942183494568,0.0022034060675650837,-0.8665471076965332,0.0033404238056391479,-0.49908414483070376],[-15445.1162109375,8.58072280883789,-4933.32373046875,-0.4991571605205536,-0.00024058176495600492,0.8665114641189575,0.003671014681458473,0.9999904036521912,0.002392343245446682,-0.8665037155151367,0.004375131335109472,-0.4991514980792999],[-15454.5,8.545262336730957,-4927.89892578125,-0.49914219975471499,0.0014593019150197507,0.8665188550949097,0.007306557148694992,0.9999701380729675,0.00252476055175066,-0.8664892911911011,0.007591484114527702,-0.4991379380226135],[-15464.6845703125,8.533568382263184,-4922.0244140625,-0.49923160672187807,0.0010935998288914562,0.8664678931236267,0.00665926793590188,0.9999744892120361,0.0025747576728463175,-0.8664429783821106,0.007055442314594984,-0.4992261528968811],[-15475.203125,8.559337615966797,-4915.78955078125,-0.5010780096054077,-0.0012620623456314207,0.8654012084007263,0.0017028121510520578,0.9999955892562866,0.002444298006594181,-0.8654004335403442,0.002698399592190981,-0.5010735988616943],[-15485.5751953125,8.52182388305664,-4909.30908203125,-0.5054023861885071,-0.0025600914377719166,0.8628799915313721,-0.00011965237354161218,0.999995768070221,0.002896820195019245,-0.8628838062286377,0.0013608140870928765,-0.505400538444519],[-15495.3408203125,8.450668334960938,-4902.775390625,-0.5127924084663391,-0.0034182847011834385,0.8585058450698853,-0.00016893251449801028,0.9999924302101135,0.003880732459947467,-0.8585126399993897,0.0018449805211275817,-0.5127890706062317],[-15504.8857421875,8.300779342651368,-4895.92822265625,-0.5236448645591736,-0.006048446521162987,0.851915180683136,-0.0022302509751170875,0.9999811053276062,0.005728824995458126,-0.8519337177276611,0.0010998850921168924,-0.5236484408378601],[-15515.2939453125,8.099008560180664,-4887.87060546875,-0.5402167439460754,-0.010364079847931862,0.8414620757102966,-0.005684790201485157,0.9999462962150574,0.008666467852890492,-0.8415067195892334,-0.00010176423529628664,-0.5402466654777527],[-15522.1318359375,7.964666366577148,-4882.12646484375,-0.5540504455566406,-0.013277249410748482,0.8323771953582764,-0.008720186538994313,0.9999105334281921,0.010145205073058606,-0.8324374556541443,-0.0016375292325392366,-0.5541166663169861],[-15532.1953125,7.815499305725098,-4872.9248046875,-0.5782407522201538,-0.016198867931962014,0.8157053589820862,-0.012035571038722992,0.9998634457588196,0.011324184946715832,-0.8157774209976196,-0.003269374603405595,-0.5783567428588867],[-15542.2080078125,7.649351119995117,-4863.0048828125,-0.603912353515625,-0.01890539936721325,0.7968264818191528,-0.015296238474547863,0.9998094439506531,0.0121283745393157,-0.7969039082527161,-0.0048639727756381039,-0.6040864586830139],[-15550.509765625,7.839852333068848,-4854.05126953125,-0.627455472946167,-0.017906643450260164,0.7784464955329895,-0.018687020987272264,0.9997938871383667,0.007935906760394574,-0.7784281969070435,-0.00956741813570261,-0.6276607513427734],[-15559.0390625,8.30534839630127,-4844.6611328125,-0.6480553150177002,-0.015693452209234239,0.7614315152168274,-0.024498317390680314,0.9996998310089111,-0.0002462776901666075,-0.7611991167068481,-0.018813394010066987,-0.6482452750205994],[-15568.6962890625,8.814410209655762,-4834.404296875,-0.663176953792572,-0.02362281270325184,0.7480897307395935,-0.04290800541639328,0.999057948589325,-0.006489920895546675,-0.747231662273407,-0.036403004080057147,-0.6635658144950867],[-15577.1953125,9.439132690429688,-4825.65478515625,-0.673247218132019,-0.03343803808093071,0.738660991191864,-0.0628809854388237,0.9979472160339356,-0.012136898003518582,-0.7367388606071472,-0.05461886525154114,-0.6739678382873535],[-15585.11328125,10.31699275970459,-4817.6787109375,-0.6808258891105652,-0.04510560259222984,0.7310551404953003,-0.08736331015825272,0.995977520942688,-0.019909625872969629,-0.7272164821624756,-0.0774223804473877,-0.6820278763771057],[-15594.6630859375,11.291385650634766,-4808.677734375,-0.6831431984901428,-0.06307064741849899,0.7275558114051819,-0.1216857060790062,0.9921666383743286,-0.028248243033885957,-0.7200749516487122,-0.10783074051141739,-0.6854667067527771],[-15603.630859375,12.041902542114258,-4800.404296875,-0.6824262738227844,-0.06794453412294388,0.7277897596359253,-0.13542503118515016,0.9901852607727051,-0.034542832523584369,-0.7182996869087219,-0.12213388830423355,-0.6849297881126404],[-15611.4306640625,12.425381660461426,-4792.9228515625,-0.6839450597763062,-0.05857780575752258,0.7271779775619507,-0.12287943810224533,0.9917799830436707,-0.035681068897247317,-0.7191104292869568,-0.1137591153383255,-0.6855210065841675],[-15620.5205078125,12.678078651428223,-4784.08642578125,-0.6857112050056458,-0.05092167854309082,0.7260903120040894,-0.10887786746025086,0.9935023188591003,-0.03314734250307083,-0.7196844816207886,-0.10178466886281967,-0.6867998838424683],[-15629.8583984375,12.742830276489258,-4774.81396484375,-0.688341498374939,-0.04977745935320854,0.723676860332489,-0.10098541527986527,0.9945036768913269,-0.027648508548736573,-0.7183229923248291,-0.09211242198944092,-0.6895849108695984],[-15637.7392578125,12.394649505615235,-4766.75,-0.6910890340805054,-0.04749394580721855,0.7212074995040894,-0.08793680369853974,0.9959509372711182,-0.0186777301132679,-0.7174002528190613,-0.07632865756750107,-0.692467212677002],[-15646.8017578125,11.48575496673584,-4757.23583984375,-0.6946768760681152,-0.02998104691505432,0.7186968922615051,-0.0461319237947464,0.9989311099052429,-0.002918865764513612,-0.7178411483764648,-0.035182539373636249,-0.6953173875808716],[-15655.6806640625,11.04534912109375,-4748.18359375,-0.6946567296981812,0.008428807370364666,0.7192920446395874,0.016056954860687257,0.9998639225959778,0.0037904097698628904,-0.7191621661186218,0.014182673767209053,-0.6946974992752075],[-15663.041015625,10.945513725280762,-4740.91650390625,-0.6943411827087402,0.022483477368950845,0.7192946672439575,0.036510925740003589,0.9993252158164978,0.004007721319794655,-0.7187191843986511,0.02904484048485756,-0.6946935057640076],[-15671.958984375,11.185689926147461,-4732.5283203125,-0.6951627135276794,-0.0017682882025837899,0.7188501954078674,0.00004982275640941225,0.9999968409538269,0.0025080572813749315,-0.7188524007797241,0.0017793230945244432,-0.695160448551178],[-15679.8525390625,11.314228057861329,-4725.10498046875,-0.6947289705276489,-0.020465437322854997,0.7189804315567017,-0.02676713839173317,0.9996383190155029,0.0025899598840624096,-0.7187734246253967,-0.017445728182792665,-0.6950255036354065],[-15687.2265625,11.237909317016602,-4717.845703125,-0.6949863433837891,-0.008483686484396458,0.71897292137146,-0.009722478687763214,0.9999498724937439,0.002401024103164673,-0.718957245349884,-0.005321520380675793,-0.6950339674949646],[-15697.263671875,11.088594436645508,-4707.9248046875,-0.694966197013855,0.011886147782206536,0.7189441323280335,0.019603069871664048,0.9998049139976502,0.0024197169113904239,-0.7187751531600952,0.015775132924318315,-0.6950636506080627],[-15704.7509765625,11.152554512023926,-4700.78173828125,-0.6950523853302002,0.0031715172808617355,0.7189521193504334,0.007010245695710182,0.9999726414680481,0.0023660236038267614,-0.7189249396324158,0.0066845412366092209,-0.6950556039810181],[-15714.97265625,11.264387130737305,-4691.02392578125,-0.6951512098312378,-0.01190395187586546,0.7187649607658386,-0.014721541665494442,0.9998889565467835,0.0023219436407089235,-0.7187128067016602,-0.008967227302491665,-0.6952492594718933],[-15723.8740234375,11.274029731750489,-4681.98193359375,-0.6973240375518799,-0.0041100867092609409,0.7167441844940186,-0.004208895843476057,0.9999898076057434,0.0016394692938774825,-0.7167436480522156,-0.0018734604818746448,-0.6973342299461365],[-15732.8232421875,11.23393726348877,-4672.328125,-0.7028222680091858,0.003543248400092125,0.7113566398620606,0.006431829649955034,0.9999783635139465,0.00137379951775074,-0.7113364338874817,0.005540861748158932,-0.7028298377990723],[-15740.8369140625,11.297927856445313,-4663.7216796875,-0.7075901627540588,0.0002838197979144752,0.7066230177879334,0.0012026820331811905,0.999998927116394,0.0008026719442568719,-0.7066220641136169,0.0014178055571392179,-0.7075897455215454],[-15750.0205078125,11.310500144958496,-4654.2509765625,-0.7094300985336304,-0.00314264465123415,0.7047688364982605,-0.003390167374163866,0.9999936819076538,0.001046496443450451,-0.704767644405365,-0.001646868186071515,-0.7094362378120422],[-15758.408203125,11.283126831054688,-4645.365234375,-0.7120141983032227,-0.0027561415918171407,0.7021596431732178,-0.0025411699898540975,0.9999958872795105,0.001348384190350771,-0.7021604776382446,-0.0008242383482865989,-0.7120182514190674],[-15766.2412109375,11.300436973571778,-4636.60498046875,-0.7167894840240479,-0.0024355524219572546,0.6972853541374207,-0.002362671075388789,0.9999966621398926,0.0010641358094289899,-0.6972855925559998,-0.0008846946875564754,-0.7167928218841553],[-15773.5205078125,11.319723129272461,-4627.9794921875,-0.7234951257705689,-0.003573186695575714,0.6903202533721924,-0.004118979908525944,0.9999911189079285,0.0008591565419919789,-0.6903172135353088,-0.002221819944679737,-0.7235034108161926],[-15781.671875,11.30881404876709,-4617.64404296875,-0.7337556481361389,-0.004532264545559883,0.6793982982635498,-0.005155491642653942,0.9999861121177673,0.0011029322631657124,-0.6793938875198364,-0.0026933494955301286,-0.7337688207626343],[-15788.2880859375,11.315895080566407,-4608.50830078125,-0.7449635863304138,-0.00487994309514761,0.6670873165130615,-0.005697017069905996,0.9999833106994629,0.0009530857787467539,-0.667080819606781,-0.0030903934966772796,-0.7449789643287659],[-15795.615234375,11.253068923950196,-4598.1435546875,-0.7572376728057861,-0.0008542800787836313,0.6531388759613037,0.000058602960052667189,0.9999990463256836,0.0013759027933701873,-0.6531394720077515,0.001080161309801042,-0.757236897945404],[-15802.7021484375,11.251832962036133,-4588.1796875,-0.7675715088844299,0.0007350484956987202,0.6409628987312317,0.0020803892984986307,0.9999969601631165,0.0013445416698232294,-0.6409599184989929,0.0023654841352254154,-0.7675706744194031],[-15808.947265625,11.291753768920899,-4579.3544921875,-0.7754193544387817,-0.0035938050132244827,0.6314363479614258,-0.0037542255595326425,0.9999923706054688,0.0010811516549438239,-0.6314354538917542,-0.001532208640128374,-0.7754269242286682],[-15815.9248046875,11.310850143432618,-4568.7490234375,-0.7864396572113037,-0.008148757740855217,0.6176133751869202,-0.009348827414214611,0.9999554753303528,0.0012890046928077937,-0.6175963878631592,-0.004760236945003271,-0.7864807844161987],[-15822.8916015625,11.269128799438477,-4557.5859375,-0.7980712056159973,-0.002352779731154442,0.6025586128234863,-0.0019048809772357345,0.9999972581863403,0.001381679205223918,-0.6025601625442505,-0.000045124117605155337,-0.7980734705924988],[-15829.2177734375,11.269614219665528,-4547.681640625,-0.8056070804595947,0.003061641240492463,0.5924422740936279,0.004365589004009962,0.9999901652336121,0.0007685779710300267,-0.5924341082572937,0.0032055312767624857,-0.8056125640869141],[-15836.6162109375,11.292841911315918,-4536.77685546875,-0.8097120523452759,0.0005899927928112447,0.5868270993232727,0.0012929999502375723,0.9999988675117493,0.0007787055219523609,-0.586825966835022,0.0013892946299165488,-0.8097118735313416],[-15843.7138671875,11.286555290222168,-4526.82080078125,-0.8104791641235352,-0.002173217013478279,0.5857633948326111,-0.0018426956376060844,0.999997615814209,0.0011604436440393329,-0.5857645273208618,-0.00013886830129195005,-0.8104812502861023],[-15849.6357421875,11.273242950439454,-4518.337890625,-0.8117057085037231,-0.0030637336894869806,0.5840586423873901,-0.0027547269128262998,0.9999951720237732,0.001417137449607253,-0.5840601921081543,-0.00045862357364967465,-0.8117102384567261],[-15855.8876953125,11.280710220336914,-4508.9453125,-0.8145767450332642,-0.003341083647683263,0.5800461769104004,-0.0031577679328620435,0.999994158744812,0.0013254459481686354,-0.5800471901893616,-0.000751973653677851,-0.8145825266838074],[-15862.619140625,11.28470230102539,-4498.18505859375,-0.8198078274726868,-0.003578674979507923,0.5726275444030762,-0.0035044029355049135,0.999993085861206,0.0012324125273153186,-0.5726280212402344,-0.0009963762713596225,-0.8198146820068359],[-15868.7431640625,11.291455268859864,-4487.6123046875,-0.8270031213760376,-0.004084769170731306,0.5621824860572815,-0.0041489917784929279,0.999990701675415,0.0011624378385022283,-0.5621820688247681,-0.0013711508363485337,-0.8270123600959778],[-15873.685546875,11.292362213134766,-4478.52490234375,-0.83415287733078,-0.0032571167685091497,0.5515236854553223,-0.0032642066944390537,0.9999942183494568,0.0009686809498816729,-0.5515236258506775,-0.0009922593599185348,-0.8341586589813232],[-15880.4736328125,11.231417655944825,-4466.15087890625,-0.8424944877624512,0.00197597430087626,0.5387012958526611,0.003299454692751169,0.9999934434890747,0.001492127776145935,-0.5386947989463806,0.0030345299746841194,-0.8424955010414124],[-15886.5556640625,11.300037384033204,-4455.5458984375,-0.846862256526947,0.0027101344894617798,0.5318053960800171,0.003481534542515874,0.9999938607215881,0.0004480252682697028,-0.5318009257316589,0.002230914542451501,-0.8468664884567261],[-15892.443359375,11.30208683013916,-4445.92041015625,-0.8477632403373718,0.001440022373571992,0.5303729176521301,0.0020475415512919428,0.9999977350234985,0.000557742256205529,-0.5303709506988525,0.001558793941512704,-0.847764253616333],[-15899.419921875,11.242925643920899,-4434.75830078125,-0.8478049039840698,0.00007351241947617382,0.530308187007904,0.00101981102488935,0.9999983906745911,0.0014917523367330433,-0.5303072333335877,0.0018055291147902609,-0.8478035926818848],[-15905.9501953125,11.16251277923584,-4424.400390625,-0.8475068807601929,-0.00168892671354115,0.5307817459106445,-0.00024699800997041166,0.9999960660934448,0.0027875632513314487,-0.5307843685150147,0.0022313769441097976,-0.8475039601325989],[-15911.7255859375,11.101938247680664,-4415.26318359375,-0.8472951054573059,-0.005175168160349131,0.5310972332954407,-0.0037186341360211374,0.9999858140945435,0.003811570815742016,-0.5311093926429749,0.0012545691570267082,-0.8473023176193237],[-15918.7998046875,11.037809371948243,-4404.134765625,-0.8469056487083435,-0.011912155896425248,0.5316097140312195,-0.010867963545024395,0.9999279975891113,0.005092378705739975,-0.5316320657730103,-0.001464750268496573,-0.8469741344451904],[-15925.3583984375,10.977592468261719,-4393.81787109375,-0.8466618657112122,-0.01833481341600418,0.5318153500556946,-0.017839035019278528,0.9998224377632141,0.006069640628993511,-0.531832218170166,-0.0043481397442519669,-0.8468385934829712],[-15931.1826171875,10.965508460998536,-4384.68017578125,-0.8464715480804443,-0.024948850274086,0.5318491458892822,-0.025659043341875078,0.9996523857116699,0.006055342499166727,-0.5318153500556946,-0.00852106511592865,-0.8468174934387207],[-15937.7841796875,10.961244583129883,-4374.365234375,-0.846076250076294,-0.035209767520427707,0.531897783279419,-0.03771516680717468,0.9992695450782776,0.006155580747872591,-0.5317260026931763,-0.014852522872388363,-0.8467862010002136],[-15945.375,10.949164390563965,-4362.47265625,-0.8455252647399902,-0.045801058411598209,0.5319674015045166,-0.050168126821517947,0.9987212419509888,0.00624863849952817,-0.5315733551979065,-0.021404428407549859,-0.846741795539856],[-15951.943359375,10.92474365234375,-4352.15771484375,-0.8450790047645569,-0.052980270236730579,0.5320098996162415,-0.05858056992292404,0.9982624053955078,0.0063589103519916538,-0.5314224362373352,-0.02579166367650032,-0.8467142581939697],[-15959.423828125,10.951485633850098,-4340.19580078125,-0.8452165722846985,-0.06362202018499375,0.5306233763694763,-0.07119318842887879,0.9974433183670044,0.006192134227603674,-0.529660701751709,-0.03254307806491852,-0.8475850820541382],[-15965.6279296875,11.000627517700196,-4329.66748046875,-0.8472619652748108,-0.07415428012609482,0.5259736180305481,-0.08373057842254639,0.9964726567268372,0.005610499065369368,-0.5245344042778015,-0.03928651288151741,-0.8504823446273804],[-15972.3701171875,11.001460075378418,-4317.2861328125,-0.8526563048362732,-0.08015311509370804,0.5162873864173889,-0.09047117084264755,0.9958854913711548,0.0051957713440060619,-0.5145795941352844,-0.042278919368982318,-0.8563995957374573],[-15977.0107421875,11.019330978393555,-4308.0458984375,-0.8583440184593201,-0.08283188194036484,0.5063441395759583,-0.09327423572540283,0.995629072189331,0.004756533540785313,-0.5045249462127686,-0.04314612224698067,-0.8623183965682983],[-15982.8271484375,11.152316093444825,-4295.201171875,-0.8684521317481995,-0.08696462959051132,0.48808610439300539,-0.09817267954349518,0.9951658844947815,0.002634709468111396,-0.4859558045864105,-0.04562860354781151,-0.8727914690971375],[-15987.2890625,11.264588356018067,-4283.8798828125,-0.8794635534286499,-0.0863565132021904,0.4680667221546173,-0.0973096415400505,0.99525386095047,0.0007827439112588763,-0.4659128189086914,-0.044859010726213458,-0.8836928009986877],[-15991.162109375,11.331727027893067,-4272.4560546875,-0.8923735618591309,-0.0785103589296341,0.44441595673561098,-0.08803009241819382,0.9961175322532654,-0.0007879620534367859,-0.4426286518573761,-0.039825133979320529,-0.8958202004432678],[-15994.01171875,11.43246841430664,-4262.76708984375,-0.9039391279220581,-0.0692601278424263,0.4220154881477356,-0.07756559550762177,0.99698406457901,-0.002519638743251562,-0.42056822776794436,-0.03501148149371147,-0.9065850973129273],[-15996.763671875,11.620787620544434,-4251.76025390625,-0.9173477292060852,-0.058069195598363879,0.39382877945899966,-0.06558733433485031,0.997830867767334,-0.0056449901312589649,-0.3926467001438141,-0.03100859932601452,-0.9191665053367615],[-15999.21875,11.764721870422364,-4239.91064453125,-0.9314321279525757,-0.041226428002119067,0.36157238483428957,-0.04738891124725342,0.9988429546356201,-0.008188757114112378,-0.36081641912460329,-0.02476179227232933,-0.9323080778121948],[-16001.5810546875,11.56305980682373,-4226.8271484375,-0.9446732997894287,-0.024014033377170564,0.32713252305984499,-0.027217665687203409,0.9996159076690674,-0.005218046717345715,-0.3268815875053406,-0.01383313350379467,-0.9449640512466431],[-16003.3525390625,11.35811710357666,-4216.9091796875,-0.952659547328949,-0.014923426322638989,0.30367258191108706,-0.01591557450592518,0.9998730421066284,-0.0007922754157334566,-0.30362218618392947,-0.0055878921411931519,-0.9527761340141296],[-16005.0048828125,11.338777542114258,-4205.7587890625,-0.9610341191291809,-0.009432436898350716,0.2762688398361206,-0.00989192072302103,0.9999510645866394,-0.00026965871802531183,-0.27625274658203127,-0.002991980640217662,-0.9610803723335266],[-16006.0771484375,11.413285255432129,-4194.65380859375,-0.9692100286483765,-0.013184216804802418,0.24588218331336976,-0.013816598802804947,0.999904215335846,-0.000846879614982754,-0.24584746360778809,-0.004218059591948986,-0.9692993760108948],[-16006.416015625,11.3519926071167,-4183.6064453125,-0.9773043394088745,-0.013612929731607437,0.21140237152576447,-0.01373275090008974,0.9999052882194519,0.0009014300885610282,-0.21139462292194367,-0.0020221644081175329,-0.977398693561554],[-16005.9609375,11.25539493560791,-4172.2509765625,-0.9852316975593567,-0.00594540499150753,0.17112323641777039,-0.005685084965080023,0.9999818205833435,0.0020112465135753156,-0.17113208770751954,0.0010086937109008432,-0.9852475523948669],[-16005.0166015625,11.12771224975586,-4161.89013671875,-0.9913015961647034,-0.000312172865960747,0.13160935044288636,0.0000753913409425877,0.9999956488609314,0.002939814468845725,-0.1316096931695938,0.0029241652227938177,-0.9912973046302795],[-16003.759765625,10.835054397583008,-4151.68798828125,-0.9957358837127686,0.009969403967261315,0.09170964360237122,0.010594768449664116,0.999923825263977,0.006334630772471428,-0.09163950383663178,0.007279261481016874,-0.9957656264305115],[-16002.3388671875,10.309287071228028,-4142.0302734375,-0.9983406662940979,0.017613748088479043,0.054823871701955798,0.01828869991004467,0.9997627139091492,0.011833971366286278,-0.054602425545454028,0.012816991657018662,-0.9984259009361267],[-16000.236328125,9.306535720825196,-4130.1181640625,-0.9997488856315613,0.019282015040516855,0.011415601707994938,0.019565755501389505,0.9994887113571167,0.025288868695497514,-0.0109221450984478,0.025505874305963517,-0.9996150135993958],[-15998.1865234375,8.998401641845704,-4121.56396484375,-0.9996189475059509,0.01794222556054592,-0.020976707339286805,0.01733858697116375,0.9994401931762695,0.028612719848752023,0.021478